n = [-1.596e4,-8590,0,8587,1.578e4];
X = [-0.70,-0.375,0,0.375,0.70];